ken 63 95 131 215 21
ken 64 95 132 215 22
ken 66 96 133 215 23
ken 68 96 134 215 24
ken 70 97 135 215 25
ken 72 98 136 214 26
ken 72 98 136 214 27
ken 72 98 136 214 28
ken 72 98 136 214 29
ken 72 98 136 214 30
ken 72 97 136 213 31
ken 72 97 136 213 32
ken 72 97 136 213 33
ken 72 97 136 213 34
ken 72 97 136 213 35
ken 71 97 135 213 36
ken 71 97 135 213 37
ken 70 98 134 214 38
ken 69 98 133 214 39
ken 68 99 132 215 40
ken 67 100 131 216 41
ken 65 100 129 216 42
ken 63 100 127 216 43
ken 61 101 125 217 44
ken 59 101 123 217 45
ken 57 102 121 218 46
ken 57 102 121 218 47
ken 57 102 121 218 48
ken 57 102 121 218 49
ken 57 102 121 218 50
ken 57 101 121 217 51
ken 57 101 121 217 52
ken 57 101 121 217 53
ken 57 101 121 217 54
ken 57 101 121 217 55
ken 57 101 121 217 56
ken 57 102 120 217 57
ken 58 104 119 217 58
ken 59 105 118 216 59
ken 60 107 117 216 60
ken 61 109 115 215 61
ken 61 108 115 215 62
ken 61 107 116 215 63
ken 61 106 117 215 64
ken 61 105 118 215 65
ken 61 104 119 214 66
ken 61 104 119 214 67
ken 60 104 118 214 68
ken 60 103 118 213 69
ken 59 103 117 213 70
ken 58 102 116 212 71
ken 58 102 116 212 72
ken 58 102 116 212 73
ken 58 103 116 213 74
ken 58 103 116 213 75
ken 57 104 115 214 76
ken 57 104 115 214 77
ken 58 105 115 214 78
ken 58 105 115 214 79
ken 59 106 115 214 80
ken 60 107 114 213 81
ken 60 106 115 213 82
ken 60 105 116 213 83
ken 60 104 117 212 84
ken 60 103 118 212 85
ken 61 101 119 211 86
ken 61 101 119 211 87
ken 61 101 119 211 88
ken 61 101 119 211 89
ken 61 101 119 211 90
ken 61 101 119 211 91
ken 61 102 119 212 92
ken 61 103 119 213 93
ken 60 104 118 214 94
ken 60 105 118 215 95
ken 59 106 117 216 96
ken 59 106 117 216 97
ken 59 106 117 216 98
ken 59 105 117 215 99
ken 59 105 117 215 100
ken 60 104 118 214 101
ken 60 104 118 214 102
ken 60 104 118 214 103
ken 60 104 118 214 104
ken 60 104 118 214 105
ken 60 104 118 214 106
ken 60 104 118 214 107
ken 60 104 118 214 108
ken 60 104 118 214 109
ken 60 104 118 214 110
ken 60 104 118 214 111
ken 60 104 118 214 112
ken 60 104 118 214 113
ken 60 104 118 214 114
ken 60 104 118 214 115
ken 60 104 118 214 116
ken 60 112 119 214 117
ken 59 120 120 214 118
ken 59 128 122 215 119
ken 58 136 123 215 120
ken 57 144 125 216 121
ken 57 137 124 216 122
ken 57 130 123 216 123
ken 57 123 122 215 124
ken 57 116 121 215 125
ken 58 108 120 214 126
ken 70 108 132 214 127
ken 82 108 144 214 128
ken 94 108 156 214 129
ken 106 108 168 214 130
ken 119 107 181 213 131
ken 123 113 185 213 132
ken 127 120 189 213 133
ken 131 126 194 213 134
ken 135 133 198 213 135
ken 139 140 203 212 136
ken 139 140 203 212 137
ken 139 140 203 212 138
ken 139 140 203 212 139
ken 139 140 203 212 140
ken 139 140 203 212 141
ken 139 134 202 212 142
ken 139 127 201 213 143
ken 138 121 200 213 144
ken 138 114 199 214 145
ken 137 107 197 215 146
ken 134 110 197 215 147
ken 130 113 197 214 148
ken 127 116 197 213 149
ken 123 119 197 212 150
ken 119 123 197 211 151
ken 119 123 197 211 152
ken 119 123 197 211 153
ken 119 123 197 211 154
ken 119 123 197 211 155
ken 119 123 197 211 156
ken 123 125 201 212 157
ken 127 128 205 214 158
ken 131 131 210 215 159
ken 135 134 214 217 160
ken 139 137 219 219 161
ken 139 138 220 219 162
ken 139 140 221 218 163
ken 139 141 222 217 164
ken 139 143 223 216 165
ken 139 145 225 215 166
ken 141 140 224 215 167
ken 143 134 222 215 168
ken 145 128 220 215 169
ken 147 122 218 215 170
ken 150 116 216 216 171
ken 150 103 216 213 172
ken 151 90 215 209 173
ken 151 76 215 205 174
ken 152 63 214 201 175
ken 153 49 213 197 176
ken 152 50 210 197 177
ken 151 52 207 196 178
ken 149 53 204 195 179
ken 148 55 201 194 180
ken 146 57 198 193 181
ken 144 63 194 198 182
ken 141 69 189 203 183
ken 138 75 184 208 184
ken 135 81 179 213 185
ken 132 88 174 218 186
ken 129 93 176 218 187
ken 126 98 179 217 188
ken 123 104 181 217 189
ken 120 109 184 216 190
ken 117 115 187 215 191
ken 127 115 197 215 192
ken 137 115 207 215 193
ken 147 114 217 214 194
ken 157 114 227 214 195
ken 168 113 238 213 196
ken 168 113 238 213 197
ken 168 113 238 213 198
ken 168 112 238 212 199
ken 168 112 238 212 200
ken 168 111 238 211 201
ken 168 111 238 211 202
ken 167 111 237 211 203
ken 167 111 237 211 204
ken 166 111 236 211 205
ken 165 112 235 212 206
ken 168 112 238 212 207
ken 171 112 241 212 208
ken 174 112 244 212 209
ken 177 112 247 212 210
ken 180 111 250 211 211
ken 178 111 248 211 212
ken 175 111 245 211 213
ken 172 110 242 210 214
ken 169 110 239 210 215
ken 166 109 236 209 216
ken 167 109 236 209 217
ken 169 109 235 209 218
ken 170 109 234 209 219
ken 172 109 233 209 220
ken 174 108 232 210 221
ken 171 106 229 210 222
ken 168 103 226 210 223
ken 164 100 222 211 224
ken 161 97 219 211 225
ken 157 94 215 212 226
ken 155 94 215 212 227
ken 153 94 215 212 228
ken 150 93 214 213 229
ken 148 93 214 213 230
ken 145 92 213 214 231
ken 145 101 213 214 232
ken 145 111 213 214 233
ken 146 120 212 213 234
ken 146 130 212 213 235
ken 147 140 211 212 236
ken 147 134 211 212 237
ken 147 127 211 212 238
ken 147 120 212 212 239
ken 147 113 212 212 240
ken 147 106 213 212 241
ken 150 113 215 212 242
ken 153 121 217 212 243
ken 156 129 219 212 244
ken 159 137 221 212 245
ken 162 145 224 213 246
ken 159 145 221 213 247
ken 155 145 217 213 248
ken 151 145 213 213 249
ken 147 145 209 213 250
ken 143 144 205 212 251
ken 140 144 204 213 252
ken 136 143 203 214 253
ken 132 143 202 215 254
ken 128 142 201 216 255
ken 124 141 200 217 256
ken 127 135 201 217 257
ken 131 128 202 216 258
ken 135 121 203 215 259
ken 139 114 204 214 260
ken 143 107 205 213 261
ken 143 113 207 214 262
ken 143 119 209 215 263
ken 143 126 211 216 264
ken 143 132 213 217 265
ken 143 139 215 219 266
ken 143 133 213 218 267
ken 143 127 210 217 268
ken 143 121 207 216 269
ken 143 115 204 215 270
ken 143 109 201 213 271
ken 140 109 198 213 272
ken 136 109 194 213 273
ken 132 109 190 213 274
ken 128 109 186 213 275
ken 124 108 182 212 276
ken 119 108 177 212 277
ken 114 108 172 212 278
ken 108 108 166 212 279
ken 103 108 161 212 280
ken 97 107 155 211 281
ken 109 107 167 211 282
ken 121 108 179 212 283
ken 134 108 192 212 284
ken 146 109 204 213 285
ken 159 110 217 214 286
ken 161 109 219 213 287
ken 163 108 221 212 288
ken 166 107 224 211 289
ken 168 106 226 210 290
ken 171 105 229 209 291
ken 170 105 228 209 292
ken 169 105 227 209 293
ken 167 105 225 209 294
ken 166 105 224 209 295
ken 164 106 222 210 296
ken 162 106 220 210 297
ken 160 106 218 210 298
ken 158 106 216 210 299
ken 156 106 214 210 300
ken 153 105 211 209 301
ken 153 105 211 209 302
ken 153 105 211 209 303
ken 153 105 211 209 304
ken 153 105 211 209 305
ken 153 105 211 209 306
ken 156 110 213 209 307
ken 160 116 215 210 308
ken 163 122 218 210 309
ken 167 128 220 211 310
ken 171 134 223 212 311
ken 171 133 226 212 312
ken 172 132 229 212 313
ken 172 130 232 212 314
ken 173 129 235 212 315
ken 174 127 238 213 316
ken 174 126 242 213 317
ken 174 125 247 212 318
ken 173 124 252 212 319
ken 173 123 257 211 320
ken 172 122 262 210 321
ken 175 122 262 210 322
ken 178 121 262 210 323
ken 182 121 262 210 324
ken 185 120 262 210 325
ken 189 119 261 209 326
ken 192 122 261 209 327
ken 195 125 262 210 328
ken 199 128 262 210 329
ken 202 131 263 211 330
ken 206 134 264 212 331
ken 205 129 264 212 332
ken 203 123 264 212 333
ken 202 118 263 211 334
ken 200 112 263 211 335
ken 198 106 262 210 336
ken 195 111 259 210 337
ken 192 117 256 211 338
ken 188 122 252 212 339
ken 185 128 249 213 340
ken 181 134 245 214 341
ken 182 136 254 214 342
ken 183 138 263 214 343
ken 185 140 272 215 344
ken 186 142 281 215 345
ken 188 144 290 216 346
ken 189 140 285 216 347
ken 191 136 279 215 348
ken 193 132 273 215 349
ken 195 128 267 214 350
ken 197 123 261 213 351
ken 197 123 261 213 352
ken 197 122 261 212 353
ken 197 121 261 211 354
ken 197 120 261 210 355
ken 196 119 260 209 356
ken 198 103 261 206 357
ken 200 86 262 202 358
ken 202 70 263 198 359
ken 204 53 264 194 360
ken 207 36 265 190 361
ken 205 44 262 193 362
ken 202 53 259 196 363
ken 200 62 255 199 364
ken 197 71 252 202 365
ken 194 80 248 206 366
ken 193 83 247 209 367
ken 192 87 246 213 368
ken 191 90 245 216 369
ken 190 94 244 220 370
ken 188 98 242 224 371
ken 190 103 244 223 372
ken 192 108 246 221 373
ken 195 113 249 219 374
ken 197 118 251 217 375
ken 200 123 254 215 376
ken 200 122 254 214 377
ken 200 121 254 213 378
ken 200 120 254 212 379
ken 200 119 254 211 380
ken 199 118 253 210 381
ken 200 102 255 206 382
ken 201 86 257 202 383
ken 202 70 260 198 384
ken 203 54 262 194 385
ken 205 38 265 190 386
ken 203 46 262 192 387
ken 200 54 258 195 388
ken 198 63 254 198 389
ken 195 71 250 201 390
ken 192 80 246 204 391
ken 191 83 245 207 392
ken 190 87 244 211 393
ken 189 91 243 215 394
ken 188 95 242 219 395
ken 187 99 241 223 396
ken 193 100 249 221 397
ken 199 102 257 219 398
ken 205 103 265 217 399
ken 211 105 273 215 400
ken 217 107 281 213 401
ken 218 107 282 213 402
ken 219 107 283 213 403
ken 220 107 284 213 404
ken 221 107 285 213 405
ken 222 108 286 214 406
ken 222 113 285 214 407
ken 221 119 284 213 408
ken 221 125 283 213 409
ken 220 131 282 212 410
ken 219 137 281 211 411
ken 219 131 281 211 412
ken 219 125 280 211 413
ken 219 118 280 210 414
ken 219 112 279 210 415
ken 220 105 278 209 416
ken 220 105 278 209 417
ken 219 105 277 209 418
ken 218 106 276 210 419
ken 217 106 275 210 420
ken 216 107 274 211 421
ken 216 99 274 206 422
ken 217 90 275 201 423
ken 218 82 276 196 424
ken 219 73 277 191 425
ken 220 64 278 186 426
ken 227 60 285 174 427
ken 234 55 292 162 428
ken 242 50 299 149 429
ken 249 45 306 137 430
ken 257 40 313 124 431
ken 257 41 312 119 432
ken 256 42 311 114 433
ken 255 44 310 108 434
ken 254 45 309 103 435
ken 253 47 307 97 436
ken 253 49 307 105 437
ken 252 52 307 113 438
ken 251 55 308 122 439
ken 250 58 308 130 440
ken 249 61 309 139 441
ken 249 64 309 142 442
ken 249 68 309 146 443
ken 249 72 309 150 444
ken 249 76 309 154 445
ken 248 80 308 158 446
ken 249 93 308 168 447
ken 251 106 308 179 448
ken 253 119 308 189 449
ken 255 132 308 200 450
ken 257 145 307 211 451
ken 257 145 307 211 452
ken 257 145 307 211 453
ken 257 145 307 211 454
ken 257 145 307 211 455
ken 257 145 307 211 456
ken 256 138 306 211 457
ken 255 131 305 211 458
ken 253 123 304 211 459
ken 252 116 303 211 460
ken 250 108 302 212 461
ken 250 114 303 211 462
ken 251 121 304 210 463
ken 252 128 305 209 464
ken 253 135 306 208 465
ken 254 142 308 206 466
ken 254 142 308 206 467
ken 254 142 308 206 468
ken 254 142 308 206 469
ken 254 142 308 206 470
ken 254 142 308 206 471
ken 254 140 308 206 472
ken 254 138 308 206 473
ken 254 136 308 207 474
ken 254 134 308 207 475
ken 253 132 307 208 476
ken 253 127 307 208 477
ken 253 122 307 209 478
ken 253 117 308 210 479
ken 253 112 308 211 480
ken 253 106 309 212 481
ken 240 107 296 213 482
ken 226 108 282 214 483
ken 212 109 268 215 484
ken 198 110 254 216 485
ken 184 111 240 217 486
ken 175 118 241 217 487
ken 166 125 242 217 488
ken 157 132 243 216 489
ken 148 139 244 216 490
ken 138 147 246 215 491
ken 147 139 245 215 492
ken 156 130 244 215 493
ken 165 121 243 216 494
ken 174 112 242 216 495
ken 184 103 240 217 496
ken 184 103 240 217 497
ken 184 102 240 216 498
ken 184 102 240 216 499
ken 184 101 240 215 500
ken 183 100 239 214 501
ken 183 100 239 214 502
ken 182 100 238 214 503
ken 181 100 237 214 504
ken 180 100 236 214 505
ken 179 100 235 214 506
ken 188 101 244 214 507
ken 197 102 253 214 508
ken 206 103 262 215 509
ken 215 104 271 215 510
ken 224 106 280 216 511
ken 226 107 281 215 512
ken 228 108 282 214 513
ken 230 110 283 213 514
ken 232 111 284 212 515
ken 234 113 286 211 516
ken 231 113 283 211 517
ken 228 113 280 211 518
ken 225 113 277 211 519
ken 222 113 274 211 520
ken 219 112 271 210 521
ken 217 111 270 210 522
ken 215 110 269 211 523
ken 213 108 267 211 524
ken 211 107 266 212 525
ken 208 105 264 213 526
ken 208 109 264 213 527
ken 208 113 264 213 528
ken 208 117 264 213 529
ken 208 121 264 213 530
ken 208 125 264 213 531
ken 201 108 258 207 532
ken 193 90 251 201 533
ken 186 73 244 195 534
ken 178 55 237 189 535
ken 170 37 230 183 536
ken 170 37 229 181 537
ken 170 37 227 178 538
ken 170 37 226 175 539
ken 170 37 224 172 540
ken 170 37 222 169 541
ken 170 50 222 178 542
ken 170 63 222 187 543
ken 169 76 223 196 544
ken 169 89 223 205 545
ken 168 103 224 215 546
ken 168 110 225 215 547
ken 169 117 226 215 548
ken 170 124 227 215 549
ken 171 131 228 215 550
ken 172 138 230 214 551
ken 172 140 238 214 552
ken 172 142 246 214 553
ken 172 144 255 214 554
ken 172 146 263 214 555
ken 172 148 272 214 556
ken 172 148 266 214 557
ken 171 148 260 213 558
ken 170 148 253 213 559
ken 169 148 247 212 560
ken 168 147 240 211 561
ken 168 147 238 211 562
ken 168 147 236 211 563
ken 169 147 234 211 564
ken 169 147 232 211 565
ken 170 147 230 211 566
ken 170 147 237 211 567
ken 170 147 244 211 568
ken 171 147 251 211 569
ken 171 147 258 211 570
ken 172 147 266 211 571
ken 169 140 258 211 572
ken 165 132 250 211 573
ken 161 124 242 211 574
ken 157 116 234 211 575
ken 153 108 225 212 576
ken 152 113 223 212 577
ken 150 119 220 213 578
ken 148 124 218 214 579
ken 146 130 215 215 580
ken 144 136 212 216 581
ken 146 136 214 216 582
ken 148 136 216 216 583
ken 150 135 218 215 584
ken 152 135 220 215 585
ken 155 134 223 214 586
ken 160 134 237 214 587
ken 165 135 252 214 588
ken 170 135 266 214 589
ken 175 136 281 214 590
ken 180 137 296 213 591
ken 180 137 296 213 592
ken 180 137 296 213 593
ken 180 137 296 213 594
ken 180 137 296 213 595
ken 180 137 296 213 596
ken 180 137 296 213 597
ken 180 137 296 213 598
ken 180 137 296 213 599
ken 180 137 296 213 600
ken 180 137 296 213 601
ken 180 137 296 213 602
ken 180 137 296 213 603
ken 180 137 296 213 604
ken 180 137 296 213 605
ken 180 137 296 213 606
ken 180 137 296 213 607
ken 180 137 296 213 608
ken 180 137 296 213 609
ken 180 137 296 213 610
ken 180 137 296 213 611
ken 180 137 296 213 612
ken 180 137 296 213 613
ken 180 137 296 213 614
ken 180 137 296 213 615
ken 180 137 296 213 616
ken 180 137 296 213 617
ken 180 137 296 213 618
ken 180 137 296 213 619
ken 180 137 296 213 620
ken 180 137 296 213 621
ken 180 137 296 213 622
ken 180 137 296 213 623
ken 180 137 296 213 624
ken 180 137 296 213 625
ken 180 137 296 213 626
ken 180 137 296 213 627
ken 180 137 296 213 628
ken 181 137 297 213 629
ken 181 137 297 213 630
ken 182 137 298 213 631
ken 182 137 298 213 632
ken 182 137 298 213 633
ken 182 137 298 213 634
ken 182 137 298 213 635
ken 182 137 298 213 636
ken 182 137 298 213 637
ken 182 137 298 213 638
ken 182 137 298 213 639
ken 182 137 298 213 640
ken 182 137 298 213 641
ken 182 137 298 213 642
ken 182 137 298 213 643
ken 182 137 298 213 644
ken 182 137 298 213 645
ken 182 137 298 213 646
ken 182 137 298 213 647
ken 182 137 298 213 648
ken 182 137 298 213 649
ken 182 137 298 213 650
ken 182 137 298 213 651
ken 182 137 298 213 652
ken 182 137 298 213 653
ken 182 137 298 213 654
ken 182 137 298 213 655
ken 182 137 298 213 656
ken 180 137 295 213 657
ken 178 137 291 212 658
ken 176 138 288 211 659
ken 174 138 284 210 660
ken 172 139 280 209 661
ken 172 139 278 209 662
ken 171 139 276 209 663
ken 170 139 274 209 664
ken 169 139 272 209 665
ken 168 139 270 209 666
ken 168 140 266 209 667
ken 168 141 261 209 668
ken 168 142 257 209 669
ken 168 143 252 209 670
ken 167 145 247 209 671
ken 167 143 246 210 672
ken 167 141 244 211 673
ken 166 139 243 212 674
ken 166 137 241 213 675
ken 165 134 239 214 676
ken 162 134 236 214 677
ken 158 134 232 214 678
ken 155 134 229 214 679
ken 151 134 225 214 680
ken 147 133 221 213 681
ken 145 133 219 213 682
ken 142 133 216 213 683
ken 140 134 214 214 684
ken 137 134 211 214 685
ken 134 135 208 215 686
ken 134 130 208 215 687
ken 134 125 209 215 688
ken 134 120 209 214 689
ken 134 115 210 214 690
ken 135 109 211 213 691
ken 134 109 210 213 692
ken 133 109 209 213 693
ken 132 109 208 213 694
ken 131 109 207 213 695
ken 129 109 205 213 696
ken 129 107 205 213 697
ken 128 104 204 213 698
ken 127 101 203 214 699
ken 126 98 202 214 700
ken 125 95 201 215 701
ken 124 93 200 215 702
ken 123 91 199 214 703
ken 122 89 198 214 704
ken 121 87 197 213 705
ken 119 84 195 212 706
ken 119 84 195 212 707
ken 119 84 195 212 708
ken 119 84 195 212 709
ken 119 84 195 212 710
ken 119 84 195 212 711
ken 119 84 195 212 712
ken 119 84 195 212 713
ken 119 84 195 212 714
ken 119 84 195 212 715
ken 119 84 195 212 716
ken 119 84 195 212 717
ken 119 84 195 212 718
ken 119 84 195 212 719
ken 119 84 195 212 720
ken 119 84 195 212 721
ken 119 84 195 212 722
ken 119 84 195 212 723
ken 119 84 195 212 724
ken 119 84 195 212 725
ken 119 84 195 212 726
ken 119 84 195 212 727
ken 119 84 195 212 728
ken 119 84 195 212 729
ken 119 84 195 212 730
ken 119 84 195 212 731
ken 58 97 122 215 741
ken 58 97 122 215 742
ken 58 97 122 215 743
ken 58 97 122 215 744
ken 58 97 122 215 745
ken 58 97 122 215 746
ken 58 97 122 215 747
ken 58 97 122 215 748
ken 58 97 122 215 749
ken 58 97 122 215 750
ken 58 97 122 215 751
ken 58 97 122 215 752
ken 58 97 122 215 753
ken 58 97 122 215 754
ken 58 97 122 215 755
ken 58 97 122 215 756
ken 58 97 122 215 757
ken 58 97 122 215 758
ken 58 97 122 215 759
ken 58 97 122 215 760
ken 58 97 122 215 761
ken 58 97 122 215 762
ken 58 97 122 215 763
ken 58 97 122 215 764
ken 58 97 122 215 765
ken 58 97 122 215 766
ken 58 97 122 215 767
ken 58 97 122 215 768
ken 58 97 122 215 769
ken 58 97 122 215 770
ken 58 97 122 215 771
ken 58 97 122 215 772
ken 58 97 122 215 773
ken 58 97 122 215 774
ken 58 97 122 215 775
ken 58 97 122 215 776
ken 58 97 122 215 777
ken 58 97 122 215 778
ken 58 97 122 215 779
ken 58 97 122 215 780
ken 58 97 122 215 781
ken 58 97 122 215 782
ken 58 97 122 215 783
ken 58 97 122 215 784
ken 58 97 122 215 785
ken 58 97 122 215 786
ken 58 97 122 215 787
ken 58 97 122 215 788
ken 58 97 122 215 789
ken 58 97 122 215 790
ken 58 97 122 215 791
ken 58 97 122 215 792
ken 58 97 122 215 793
ken 58 97 122 215 794
ken 58 97 122 215 795
ken 58 97 122 215 796
ken 58 97 122 215 797
ken 58 97 122 215 798
ken 58 97 122 215 799
ken 58 97 122 215 800
ken 58 97 122 215 801
ken 58 97 122 215 802
ken 58 97 122 215 803
ken 58 97 122 215 804
ken 58 97 122 215 805
ken 58 97 122 215 806
ken 58 97 122 215 807
ken 58 97 122 215 808
ken 58 97 122 215 809
ken 58 97 122 215 810
ken 58 97 122 215 811
ken 58 97 122 215 812
ken 58 97 122 215 813
ken 58 97 122 215 814
ken 58 97 122 215 815
ken 58 97 122 215 816
ken 58 97 122 215 817
ken 58 98 122 216 818
ken 58 99 122 217 819
ken 58 100 122 218 820
ken 58 101 122 219 821
ken 57 107 120 219 822
ken 55 114 118 218 823
ken 54 121 116 217 824
ken 52 128 114 216 825
ken 50 135 112 215 826
ken 50 130 112 215 827
ken 50 125 113 214 828
ken 50 119 113 214 829
ken 50 114 114 213 830
ken 51 108 115 212 831
ken 62 108 126 212 832
ken 74 108 138 212 833
ken 86 108 150 212 834
ken 98 108 162 212 835
ken 110 109 174 213 836
ken 109 115 174 214 837
ken 108 121 174 215 838
ken 107 127 175 216 839
ken 106 133 175 217 840
ken 104 139 176 219 841
ken 103 139 175 219 842
ken 102 139 174 219 843
ken 101 139 173 219 844
ken 100 139 172 219 845
ken 99 139 171 219 846
ken 98 133 170 218 847
ken 97 126 169 216 848
ken 95 119 168 215 849
ken 94 112 167 213 850
ken 92 105 166 211 851
ken 93 110 167 211 852
ken 94 116 168 211 853
ken 95 121 169 210 854
ken 96 127 170 210 855
ken 98 133 172 209 856
ken 110 129 180 209 857
ken 122 124 189 209 858
ken 134 119 198 210 859
ken 146 114 207 210 860
ken 158 109 216 211 861
ken 157 108 216 212 862
ken 156 107 216 213 863
ken 155 105 216 214 864
ken 154 104 216 215 865
ken 153 102 217 216 866
ken 149 102 213 216 867
ken 145 102 209 216 868
ken 141 101 205 215 869
ken 137 101 201 215 870
ken 133 100 197 214 871
ken 133 100 197 214 872
ken 133 100 197 214 873
ken 133 100 197 214 874
ken 133 100 197 214 875
ken 133 99 197 213 876
ken 136 103 198 213 877
ken 139 108 200 214 878
ken 142 113 202 215 879
ken 145 118 204 216 880
ken 148 123 206 217 881
ken 144 123 202 217 882
ken 139 123 197 217 883
ken 135 124 193 218 884
ken 130 124 188 218 885
ken 125 125 183 219 886
ken 123 125 181 219 887
ken 120 124 178 218 888
ken 117 123 175 217 889
ken 114 122 172 216 890
ken 111 121 169 215 891
ken 111 121 172 215 892
ken 110 120 175 215 893
ken 110 119 179 216 894
ken 109 118 182 216 895
ken 108 117 186 217 896
ken 106 116 184 216 897
ken 104 114 182 214 898
ken 102 113 180 213 899
ken 100 111 178 211 900
ken 98 109 176 209 901
ken 98 108 177 210 902
ken 98 107 178 211 903
ken 98 105 179 212 904
ken 98 104 180 213 905
ken 97 102 181 214 906
ken 97 102 181 214 907
ken 97 102 181 214 908
ken 97 102 181 214 909
ken 97 102 181 214 910
ken 98 102 182 214 911
ken 94 102 178 214 912
ken 90 101 174 213 913
ken 86 101 170 213 914
ken 82 100 166 212 915
ken 78 99 162 211 916
ken 79 105 162 212 917
ken 80 111 162 214 918
ken 81 118 161 215 919
ken 82 124 161 217 920
ken 84 131 160 219 921
ken 90 131 173 219 922
ken 96 131 186 219 923
ken 103 132 199 218 924
ken 109 132 212 218 925
ken 116 133 226 217 926
ken 116 133 226 217 927
ken 116 133 226 217 928
ken 116 133 226 217 929
ken 116 133 226 217 930
ken 116 133 226 217 931
ken 116 134 224 215 932
ken 116 135 222 213 933
ken 117 136 220 211 934
ken 117 137 218 209 935
ken 118 139 216 207 936
ken 115 139 211 208 937
ken 112 138 205 209 938
ken 108 138 199 211 939
ken 105 137 193 212 940
ken 101 136 187 214 941
ken 93 136 179 214 942
ken 84 136 170 214 943
ken 75 136 161 214 944
ken 66 136 152 214 945
ken 57 135 143 213 946
ken 61 131 146 213 947
ken 65 126 150 213 948
ken 70 121 153 214 949
ken 74 116 157 214 950
ken 79 111 161 215 951
ken 86 111 168 215 952
ken 93 111 175 215 953
ken 101 111 183 215 954
ken 108 111 190 215 955
ken 116 112 198 216 956
ken 126 112 205 216 957
ken 136 112 213 216 958
ken 146 113 220 215 959
ken 156 113 228 215 960
ken 166 114 236 214 961
ken 166 113 236 214 962
ken 166 111 236 215 963
ken 166 109 236 215 964
ken 166 107 236 216 965
ken 165 105 235 217 966
ken 162 105 232 217 967
ken 159 104 229 216 968
ken 156 103 226 215 969
ken 153 102 223 214 970
ken 149 101 219 213 971
ken 149 101 219 213 972
ken 149 101 219 213 973
ken 148 101 218 213 974
ken 148 101 218 213 975
ken 147 100 217 212 976
ken 147 105 217 212 977
ken 147 111 217 213 978
ken 148 117 218 213 979
ken 148 123 218 214 980
ken 149 129 219 215 981
ken 149 129 219 215 982
ken 149 129 219 215 983
ken 149 129 219 215 984
ken 149 129 219 215 985
ken 149 129 219 215 986
ken 152 128 224 215 987
ken 156 127 229 215 988
ken 159 125 234 215 989
ken 163 124 239 215 990
ken 167 122 245 216 991
ken 168 122 246 216 992
ken 170 122 248 216 993
ken 171 122 249 216 994
ken 173 122 251 216 995
ken 175 122 253 216 996
ken 177 119 254 216 997
ken 179 116 256 216 998
ken 181 112 257 216 999
ken 183 109 259 216 1000
ken 185 105 261 215 1001
ken 184 111 260 215 1002
ken 183 118 259 215 1003
ken 181 125 258 215 1004
ken 180 132 257 215 1005
ken 178 139 256 215 1006
ken 178 140 261 214 1007
ken 178 141 266 213 1008
ken 178 143 272 212 1009
ken 178 144 277 211 1010
ken 179 146 283 210 1011
ken 175 144 272 210 1012
ken 171 141 260 210 1013
ken 166 138 249 210 1014
ken 162 135 237 210 1015
ken 157 132 225 210 1016
ken 155 131 223 211 1017
ken 152 129 220 212 1018
ken 149 128 217 213 1019
ken 146 126 214 214 1020
ken 143 124 211 216 1021
ken 143 124 211 216 1022
ken 144 124 212 216 1023
ken 145 124 213 216 1024
ken 146 124 214 216 1025
ken 147 123 215 215 1026
ken 145 119 215 215 1027
ken 143 115 215 214 1028
ken 141 111 215 213 1029
ken 139 107 215 212 1030
ken 137 103 215 211 1031
ken 141 103 219 211 1032
ken 145 103 223 211 1033
ken 149 104 227 212 1034
ken 153 104 231 212 1035
ken 158 105 236 213 1036
ken 167 106 243 213 1037
ken 177 107 250 212 1038
ken 187 108 257 211 1039
ken 197 109 264 210 1040
ken 207 111 271 209 1041
ken 205 111 269 209 1042
ken 203 112 267 210 1043
ken 200 113 264 211 1044
ken 198 114 262 212 1045
ken 195 115 259 213 1046
ken 192 115 256 213 1047
ken 188 115 252 213 1048
ken 184 115 248 213 1049
ken 180 115 244 213 1050
ken 176 116 240 214 1051
ken 178 120 241 214 1052
ken 180 124 242 214 1053
ken 182 129 243 214 1054
ken 184 133 244 214 1055
ken 186 138 246 214 1056
ken 186 138 246 214 1057
ken 186 138 246 214 1058
ken 185 138 245 214 1059
ken 185 138 245 214 1060
ken 184 137 244 213 1061
ken 178 131 240 213 1062
ken 172 124 236 213 1063
ken 165 118 232 213 1064
ken 159 111 228 213 1065
ken 152 104 224 212 1066
ken 155 105 227 212 1067
ken 159 107 230 212 1068
ken 162 108 233 212 1069
ken 166 110 236 212 1070
ken 170 112 240 212 1071
ken 170 112 240 212 1072
ken 170 112 240 212 1073
ken 170 112 240 212 1074
ken 170 112 240 212 1075
ken 170 112 240 212 1076
ken 170 112 240 212 1077
ken 170 112 240 212 1078
ken 170 112 240 212 1079
ken 170 112 240 212 1080
ken 170 112 240 212 1081
ken 170 112 240 212 1082
ken 170 112 240 212 1083
ken 170 112 240 212 1084
ken 170 112 240 212 1085
ken 170 112 240 212 1086
ken 170 111 248 212 1087
ken 171 110 256 212 1088
ken 171 109 264 212 1089
ken 172 108 272 212 1090
ken 173 107 281 213 1091
ken 175 107 283 213 1092
ken 177 107 285 213 1093
ken 180 107 288 213 1094
ken 182 107 290 213 1095
ken 185 107 293 213 1096
ken 188 107 296 213 1097
ken 191 107 299 213 1098
ken 194 107 302 213 1099
ken 197 107 305 213 1100
ken 200 108 308 214 1101
ken 201 108 301 214 1102
ken 202 108 293 214 1103
ken 203 108 286 214 1104
ken 204 108 278 214 1105
ken 206 107 270 215 1106
ken 206 107 270 215 1107
ken 206 107 270 215 1108
ken 207 107 271 215 1109
ken 207 107 271 215 1110
ken 208 107 272 215 1111
ken 208 107 279 214 1112
ken 209 107 286 213 1113
ken 209 107 293 212 1114
ken 210 107 300 211 1115
ken 211 106 307 210 1116
ken 213 106 302 210 1117
ken 216 106 296 210 1118
ken 218 107 290 211 1119
ken 221 107 284 211 1120
ken 224 108 278 212 1121
ken 227 107 283 212 1122
ken 230 105 288 212 1123
ken 234 103 294 212 1124
ken 237 101 299 212 1125
ken 241 99 305 213 1126
ken 236 95 305 208 1127
ken 230 91 306 202 1128
ken 224 87 306 197 1129
ken 218 83 307 191 1130
ken 212 79 308 185 1131
ken 208 73 304 179 1132
ken 203 66 299 172 1133
ken 199 59 295 165 1134
ken 194 52 290 158 1135
ken 189 45 285 151 1136
ken 189 39 285 145 1137
ken 189 32 285 138 1138
ken 190 25 286 131 1139
ken 190 18 286 124 1140
ken 191 11 287 117 1141
ken 188 20 282 124 1142
ken 184 29 276 132 1143
ken 181 38 271 139 1144
ken 177 47 265 147 1145
ken 173 57 259 155 1146
ken 173 85 252 171 1147
ken 172 114 244 187 1148
ken 171 143 237 203 1149
ken 170 172 229 219 1150
ken 169 201 221 235 1151
ken 159 163 249 215 1161
ken 159 152 246 214 1162
ken 159 141 242 213 1163
ken 158 129 239 212 1164
ken 158 118 235 211 1165
ken 157 106 231 210 1166
ken 154 105 230 210 1167
ken 150 104 229 211 1168
ken 146 103 227 211 1169
ken 142 102 226 212 1170
ken 138 101 224 213 1171
ken 138 101 224 213 1172
ken 138 101 224 213 1173
ken 138 101 224 213 1174
ken 138 101 224 213 1175
ken 138 101 224 213 1176
ken 138 101 224 213 1177
ken 138 101 224 213 1178
ken 138 101 224 213 1179
ken 138 101 224 213 1180
ken 138 101 224 213 1181
ken 138 101 224 213 1182
ken 138 101 224 213 1183
ken 138 101 224 213 1184
ken 138 101 224 213 1185
ken 138 101 224 213 1186
ken 141 101 223 213 1187
ken 144 101 222 213 1188
ken 147 101 220 213 1189
ken 150 101 219 213 1190
ken 153 100 217 212 1191
ken 156 106 219 212 1192
ken 160 112 221 212 1193
ken 163 118 224 212 1194
ken 167 124 226 212 1195
ken 171 131 229 213 1196
ken 171 131 229 213 1197
ken 171 132 229 214 1198
ken 171 132 229 214 1199
ken 171 133 229 215 1200
ken 172 134 230 216 1201
ken 173 128 231 216 1202
ken 174 122 233 216 1203
ken 176 116 235 216 1204
ken 177 110 237 216 1205
ken 179 103 239 215 1206
ken 179 108 239 215 1207
ken 178 113 239 215 1208
ken 178 118 239 214 1209
ken 177 123 239 214 1210
ken 176 129 238 213 1211
ken 175 131 239 213 1212
ken 174 133 240 213 1213
ken 173 136 241 214 1214
ken 172 138 242 214 1215
ken 171 141 243 215 1216
ken 171 141 243 215 1217
ken 170 141 242 215 1218
ken 169 141 241 215 1219
ken 168 141 240 215 1220
ken 167 140 239 214 1221
ken 162 133 233 214 1222
ken 157 126 226 214 1223
ken 151 119 220 213 1224
ken 146 112 213 213 1225
ken 140 104 206 212 1226
ken 138 109 204 212 1227
ken 136 114 202 212 1228
ken 133 120 199 212 1229
ken 131 125 197 212 1230
ken 128 131 194 211 1231
ken 130 126 197 211 1232
ken 132 121 200 211 1233
ken 134 116 203 211 1234
ken 136 111 206 211 1235
ken 138 106 210 210 1236
ken 137 106 209 210 1237
ken 136 106 208 210 1238
ken 135 106 207 210 1239
ken 134 106 206 210 1240
ken 133 107 205 211 1241
ken 147 107 219 211 1242
ken 161 107 233 211 1243
ken 175 107 247 211 1244
ken 189 107 261 211 1245
ken 203 106 275 210 1246
ken 205 112 277 210 1247
ken 207 119 279 210 1248
ken 209 126 281 211 1249
ken 211 133 283 211 1250
ken 214 140 286 212 1251
ken 210 141 287 212 1252
ken 206 142 288 212 1253
ken 202 143 289 211 1254
ken 198 144 290 211 1255
ken 193 146 291 210 1256
ken 191 139 289 210 1257
ken 189 132 287 210 1258
ken 186 124 284 210 1259
ken 184 117 282 210 1260
ken 181 109 279 211 1261
ken 175 108 267 211 1262
ken 169 106 254 211 1263
ken 162 105 241 212 1264
ken 156 103 228 212 1265
ken 149 101 215 213 1266
ken 150 104 216 213 1267
ken 152 108 217 213 1268
ken 153 111 218 212 1269
ken 155 115 219 212 1270
ken 157 119 221 211 1271
ken 164 119 228 211 1272
ken 172 119 236 211 1273
ken 180 118 244 210 1274
ken 188 118 252 210 1275
ken 196 117 260 209 1276
ken 194 117 258 209 1277
ken 192 117 256 209 1278
ken 190 117 254 209 1279
ken 188 117 252 209 1280
ken 185 116 249 208 1281
ken 172 116 236 208 1282
ken 159 116 223 208 1283
ken 146 116 210 208 1284
ken 133 116 197 208 1285
ken 119 115 183 207 1286
ken 119 113 183 207 1287
ken 118 111 183 208 1288
ken 118 108 183 209 1289
ken 117 106 183 210 1290
ken 116 103 182 211 1291
ken 118 103 184 211 1292
ken 121 103 187 211 1293
ken 123 103 189 211 1294
ken 126 103 192 211 1295
ken 129 103 195 211 1296
ken 129 103 195 211 1297
ken 130 103 196 211 1298
ken 130 103 196 211 1299
ken 131 103 197 211 1300
ken 132 103 198 211 1301
ken 130 104 196 212 1302
ken 127 105 193 213 1303
ken 124 106 190 214 1304
ken 121 107 187 215 1305
ken 118 108 184 216 1306
ken 122 113 186 216 1307
ken 126 118 189 215 1308
ken 131 123 192 214 1309
ken 135 128 195 213 1310
ken 140 134 198 212 1311
ken 140 132 200 212 1312
ken 140 129 203 212 1313
ken 139 126 206 213 1314
ken 139 123 209 213 1315
ken 138 120 212 214 1316
ken 137 120 211 214 1317
ken 136 120 210 214 1318
ken 135 120 209 214 1319
ken 134 120 208 214 1320
ken 132 119 206 213 1321
ken 130 116 204 213 1322
ken 128 113 201 213 1323
ken 126 110 198 213 1324
ken 124 107 195 213 1325
ken 122 103 192 213 1326
ken 118 103 188 213 1327
ken 114 102 184 212 1328
ken 109 102 179 212 1329
ken 105 101 175 211 1330
ken 100 100 170 210 1331
ken 102 100 170 210 1332
ken 104 100 169 210 1333
ken 107 100 168 210 1334
ken 109 100 167 210 1335
ken 112 101 166 211 1336
ken 110 101 167 211 1337
ken 107 101 168 211 1338
ken 105 100 170 211 1339
ken 102 100 171 211 1340
ken 99 99 173 211 1341
ken 99 99 170 211 1342
ken 98 99 166 211 1343
ken 98 99 162 211 1344
ken 97 99 158 211 1345
ken 96 100 154 210 1346
ken 91 110 156 212 1347
ken 86 120 159 214 1348
ken 81 130 161 216 1349
ken 76 140 164 218 1350
ken 71 150 167 220 1351
ken 78 150 169 219 1352
ken 85 149 172 218 1353
ken 93 149 174 217 1354
ken 100 148 177 216 1355
ken 108 147 180 215 1356
ken 112 139 183 215 1357
ken 116 131 186 214 1358
ken 121 122 189 213 1359
ken 125 114 192 212 1360
ken 130 105 196 211 1361
ken 136 111 202 211 1362
ken 143 118 209 211 1363
ken 150 125 216 211 1364
ken 157 132 223 211 1365
ken 164 139 230 211 1366
ken 167 139 233 211 1367
ken 170 139 236 211 1368
ken 173 139 239 211 1369
ken 176 139 242 211 1370
ken 180 138 246 210 1371
ken 170 133 240 210 1372
ken 160 127 233 210 1373
ken 149 121 226 210 1374
ken 139 115 219 210 1375
ken 128 109 212 211 1376
ken 124 109 205 211 1377
ken 120 109 198 211 1378
ken 116 108 190 210 1379
ken 112 108 183 210 1380
ken 107 107 175 209 1381
ken 107 107 175 209 1382
ken 106 107 174 209 1383
ken 106 107 174 209 1384
ken 105 107 173 209 1385
ken 104 107 172 209 1386
ken 103 106 171 210 1387
ken 102 105 170 211 1388
ken 100 104 168 212 1389
ken 99 103 167 213 1390
ken 97 101 165 215 1391
ken 97 102 165 215 1392
ken 97 103 164 214 1393
ken 97 104 164 214 1394
ken 97 105 163 213 1395
ken 98 106 162 212 1396
ken 107 107 174 212 1397
ken 117 108 186 211 1398
ken 126 109 198 211 1399
ken 136 110 210 210 1400
ken 146 111 222 209 1401
ken 149 109 222 209 1402
ken 152 107 222 210 1403
ken 155 105 222 210 1404
ken 158 103 222 211 1405
ken 161 100 223 212 1406
ken 161 100 223 212 1407
ken 161 100 223 212 1408
ken 161 100 223 212 1409
ken 161 100 223 212 1410
ken 160 99 222 211 1411
ken 160 99 228 211 1412
ken 160 99 235 211 1413
ken 160 99 242 211 1414
ken 160 99 249 211 1415
ken 160 99 256 211 1416
ken 156 99 256 211 1417
ken 152 99 256 211 1418
ken 148 99 256 212 1419
ken 144 99 256 212 1420
ken 139 99 257 213 1421
ken 133 99 239 213 1422
ken 127 100 221 213 1423
ken 120 100 202 213 1424
ken 114 101 184 213 1425
ken 107 102 165 212 1426
ken 109 103 172 212 1427
ken 111 104 179 211 1428
ken 114 106 186 211 1429
ken 116 107 193 210 1430
ken 119 109 201 209 1431
ken 128 115 206 209 1432
ken 138 121 212 209 1433
ken 147 127 217 210 1434
ken 157 133 223 210 1435
ken 167 139 229 211 1436
ken 167 139 231 211 1437
ken 167 139 234 211 1438
ken 167 139 236 211 1439
ken 167 139 239 211 1440
ken 166 139 242 211 1441
ken 162 132 235 211 1442
ken 157 125 227 211 1443
ken 152 117 220 211 1444
ken 147 110 212 211 1445
ken 142 102 204 212 1446
ken 142 102 208 212 1447
ken 143 102 213 212 1448
ken 143 102 217 212 1449
ken 144 102 222 212 1450
ken 145 103 227 213 1451
ken 142 103 221 213 1452
ken 138 104 215 213 1453
ken 135 105 209 213 1454
ken 131 106 203 213 1455
ken 127 107 197 213 1456
ken 127 105 197 213 1457
ken 127 102 198 213 1458
ken 127 99 198 214 1459
ken 127 96 199 214 1460
ken 128 93 200 215 1461
ken 131 95 204 215 1462
ken 134 97 208 215 1463
ken 137 100 213 214 1464
ken 140 102 217 214 1465
ken 144 105 222 213 1466
ken 144 105 222 213 1467
ken 144 105 222 213 1468
ken 144 105 222 213 1469
ken 144 105 222 213 1470
ken 144 105 222 213 1471
ken 144 105 222 213 1472
ken 144 105 222 213 1473
ken 144 105 222 213 1474
ken 144 105 222 213 1475
ken 144 105 222 213 1476
ken 144 105 222 213 1477
ken 144 105 222 213 1478
ken 144 105 222 213 1479
ken 144 105 222 213 1480
ken 144 105 222 213 1481
ken 145 105 229 213 1482
ken 146 105 237 213 1483
ken 147 105 245 213 1484
ken 148 105 253 213 1485
ken 149 105 261 213 1486
ken 151 105 263 213 1487
ken 153 105 265 213 1488
ken 155 106 267 214 1489
ken 157 106 269 214 1490
ken 159 107 271 215 1491
ken 162 107 274 215 1492
ken 165 107 277 215 1493
ken 168 106 280 214 1494
ken 171 106 283 214 1495
ken 175 105 287 213 1496
ken 178 105 282 214 1497
ken 182 105 277 215 1498
ken 186 105 272 216 1499
ken 190 105 267 217 1500
ken 194 106 262 218 1501
ken 196 106 261 218 1502
ken 199 106 260 218 1503
ken 201 106 259 218 1504
ken 204 106 258 218 1505
ken 207 105 257 217 1506
ken 207 105 267 217 1507
ken 208 105 277 216 1508
ken 209 105 287 215 1509
ken 210 105 297 214 1510
ken 211 105 307 213 1511
ken 213 105 301 213 1512
ken 216 105 295 213 1513
ken 219 104 288 214 1514
ken 222 104 282 214 1515
ken 225 103 275 215 1516
ken 228 103 281 215 1517
ken 232 103 287 215 1518
ken 236 103 293 215 1519
ken 240 103 299 215 1520
ken 244 102 306 214 1521
ken 244 102 306 214 1522
ken 243 102 305 214 1523
ken 243 101 305 213 1524
ken 242 101 304 213 1525
ken 241 100 303 212 1526
ken 240 100 299 212 1527
ken 238 100 295 213 1528
ken 237 100 290 213 1529
ken 235 100 286 214 1530
ken 233 101 281 215 1531
ken 230 101 280 215 1532
ken 226 101 278 215 1533
ken 222 100 276 214 1534
ken 218 100 274 214 1535
ken 214 99 272 213 1536
ken 217 100 276 213 1537
ken 221 101 280 212 1538
ken 224 103 285 212 1539
ken 228 104 289 211 1540
ken 232 106 294 210 1541
ken 230 110 296 206 1542
ken 228 114 299 202 1543
ken 226 118 302 198 1544
ken 224 122 305 194 1545
ken 222 126 308 190 1546
ken 221 116 307 180 1547
ken 220 105 306 169 1548
ken 219 94 305 158 1549
ken 218 83 304 147 1550
ken 216 72 302 136 1551
ken 216 71 302 136 1552
ken 216 70 302 137 1553
ken 215 69 301 138 1554
ken 215 68 301 139 1555
ken 214 66 300 140 1556
ken 214 80 300 151 1557
ken 214 94 299 162 1558
ken 214 108 299 174 1559
ken 214 122 298 185 1560
ken 215 137 297 197 1561
ken 217 143 299 198 1562
ken 219 149 301 199 1563
ken 221 155 303 200 1564
ken 223 161 305 201 1565
ken 226 167 308 203 1566
ken 226 169 308 204 1567
ken 227 171 309 205 1568
ken 227 174 309 206 1569
ken 228 176 310 207 1570
ken 229 179 311 209 1571
ken 227 179 311 209 1572
ken 225 179 310 209 1573
ken 223 179 310 209 1574
ken 221 179 309 209 1575
ken 218 180 308 210 1576
ken 218 180 308 210 1577
ken 218 180 308 210 1578
ken 218 180 308 210 1579
ken 218 180 308 210 1580
ken 218 180 308 210 1581
ken 218 180 308 210 1582
ken 218 180 308 210 1583
ken 218 180 308 210 1584
ken 218 180 308 210 1585
ken 218 180 308 210 1586
ken 218 180 308 210 1587
ken 218 180 308 210 1588
ken 218 180 308 210 1589
ken 218 180 308 210 1590
ken 218 180 308 210 1591
ken 218 180 308 210 1592
ken 218 180 308 210 1593
ken 218 180 308 210 1594
ken 218 180 308 210 1595
ken 219 179 309 209 1596
ken 219 179 309 209 1597
ken 219 179 309 209 1598
ken 219 179 309 209 1599
ken 219 179 309 209 1600
ken 219 179 309 209 1601
ken 219 179 309 209 1602
ken 219 179 309 209 1603
ken 219 179 309 209 1604
ken 219 179 309 209 1605
ken 219 179 309 209 1606
ken 218 176 308 209 1607
ken 217 173 307 208 1608
ken 216 169 306 208 1609
ken 215 166 305 207 1610
ken 214 162 304 206 1611
ken 215 160 304 206 1612
ken 216 157 305 206 1613
ken 217 154 306 205 1614
ken 218 151 307 205 1615
ken 220 148 308 204 1616
ken 220 146 308 204 1617
ken 220 144 308 204 1618
ken 220 141 307 205 1619
ken 220 139 307 205 1620
ken 220 136 306 206 1621
ken 226 130 306 206 1622
ken 232 124 306 206 1623
ken 239 118 307 206 1624
ken 245 112 307 206 1625
ken 252 105 308 207 1626
ken 247 105 307 207 1627
ken 242 105 305 207 1628
ken 236 106 303 208 1629
ken 231 106 301 208 1630
ken 225 107 299 209 1631
ken 225 107 299 209 1632
ken 225 107 299 209 1633
ken 225 107 299 209 1634
ken 225 107 299 209 1635
ken 225 107 299 209 1636
ken 225 107 299 209 1637
ken 225 107 299 209 1638
ken 225 107 299 209 1639
ken 225 107 299 209 1640
ken 225 107 299 209 1641
ken 225 107 299 209 1642
ken 225 107 299 209 1643
ken 225 107 299 209 1644
ken 225 107 299 209 1645
ken 225 107 299 209 1646
ken 225 107 297 209 1647
ken 225 107 295 209 1648
ken 226 107 293 209 1649
ken 226 107 291 209 1650
ken 227 107 289 209 1651
ken 226 107 288 209 1652
ken 225 107 287 209 1653
ken 224 107 286 209 1654
ken 223 107 285 209 1655
ken 222 107 284 209 1656
ken 222 106 285 209 1657
ken 223 104 287 209 1658
ken 223 103 289 209 1659
ken 224 101 291 209 1660
ken 225 99 293 209 1661
ken 231 100 295 209 1662
ken 237 101 298 209 1663
ken 243 103 300 209 1664
ken 249 104 303 209 1665
ken 256 106 306 208 1666
ken 255 109 306 207 1667
ken 254 113 306 206 1668
ken 253 116 306 205 1669
ken 252 120 306 204 1670
ken 251 124 305 202 1671
ken 251 116 305 198 1672
ken 252 107 306 193 1673
ken 253 99 307 189 1674
ken 254 90 308 184 1675
ken 255 81 309 179 1676
ken 255 76 309 171 1677
ken 254 70 308 162 1678
ken 253 65 307 153 1679
ken 252 59 306 144 1680
ken 251 53 305 135 1681
ken 245 52 305 124 1682
ken 239 50 305 112 1683
ken 232 49 305 101 1684
ken 226 47 305 89 1685
ken 219 45 305 77 1686
ken 219 43 305 84 1687
ken 219 40 306 91 1688
ken 219 38 307 98 1689
ken 219 35 308 105 1690
ken 219 32 309 112 1691
ken 219 42 309 122 1692
ken 218 53 308 133 1693
ken 218 64 308 144 1694
ken 217 75 307 155 1695
ken 216 86 306 166 1696
ken 216 103 306 173 1697
ken 217 120 306 181 1698
ken 217 137 306 189 1699
ken 218 154 306 197 1700
ken 219 171 307 205 1701
ken 219 171 307 205 1702
ken 219 172 307 206 1703
ken 219 172 307 206 1704
ken 219 173 307 207 1705
ken 219 174 307 208 1706
ken 219 174 307 208 1707
ken 219 174 307 208 1708
ken 219 174 307 208 1709
ken 219 174 307 208 1710
ken 219 174 307 208 1711
ken 219 174 307 208 1712
ken 219 174 307 208 1713
ken 219 174 307 208 1714
ken 219 174 307 208 1715
ken 219 174 307 208 1716
ken 229 174 307 208 1717
ken 240 174 307 208 1718
ken 251 173 306 207 1719
ken 262 173 306 207 1720
ken 273 172 305 206 1721
ken 269 166 305 206 1722
ken 265 160 305 205 1723
ken 261 154 306 205 1724
ken 257 148 306 204 1725
ken 253 141 307 203 1726
ken 252 140 307 203 1727
ken 251 139 306 204 1728
ken 249 138 306 205 1729
ken 248 137 305 206 1730
ken 246 135 304 207 1731
ken 247 130 304 207 1732
ken 248 125 304 207 1733
ken 249 120 305 208 1734
ken 250 115 305 208 1735
ken 252 109 306 209 1736
ken 252 109 306 209 1737
ken 253 108 307 208 1738
ken 253 108 307 208 1739
ken 254 107 308 207 1740
ken 255 106 309 206 1741
ken 254 106 308 206 1742
ken 253 106 307 206 1743
ken 252 106 306 206 1744
ken 251 106 305 206 1745
ken 250 106 304 206 1746
ken 253 106 304 206 1747
ken 256 106 304 206 1748
ken 259 106 304 206 1749
ken 262 106 304 206 1750
ken 265 105 305 205 1751
ken 265 106 305 205 1752
ken 264 108 306 206 1753
ken 263 110 307 206 1754
ken 262 112 308 207 1755
ken 261 114 309 208 1756
ken 261 116 309 208 1757
ken 260 118 309 208 1758
ken 260 120 309 208 1759
ken 259 122 309 208 1760
ken 258 124 308 208 1761
ken 258 124 308 208 1762
ken 258 124 308 208 1763
ken 258 124 308 208 1764
ken 258 124 308 208 1765
ken 258 123 308 207 1766
ken 258 120 308 207 1767
ken 257 117 308 206 1768
ken 257 114 308 206 1769
ken 256 111 308 205 1770
ken 255 108 307 204 1771
ken 255 108 307 205 1772
ken 255 107 307 206 1773
ken 256 106 308 207 1774
ken 256 105 308 208 1775
ken 257 104 309 210 1776
ken 255 100 309 203 1777
ken 252 95 309 195 1778
ken 250 91 309 187 1779
ken 247 86 309 179 1780
ken 244 81 308 171 1781
ken 240 77 308 159 1782
ken 236 73 308 147 1783
ken 232 69 307 135 1784
ken 228 65 307 123 1785
ken 224 61 306 111 1786
ken 224 61 306 119 1787
ken 224 61 306 128 1788
ken 224 61 307 137 1789
ken 224 61 307 146 1790
ken 224 61 308 155 1791
ken 232 75 308 165 1792
ken 241 90 308 175 1793
ken 249 104 308 185 1794
ken 258 119 308 195 1795
ken 267 134 307 206 1796
ken 257 141 307 206 1797
ken 246 148 307 206 1798
ken 236 155 307 207 1799
ken 225 162 307 207 1800
ken 214 170 306 208 1801
ken 223 170 306 208 1802
ken 233 169 306 208 1803
ken 242 169 305 208 1804
ken 252 168 305 208 1805
ken 262 167 304 207 1806
ken 259 163 304 207 1807
ken 256 158 305 207 1808
ken 253 153 305 206 1809
ken 250 148 306 206 1810
ken 247 143 307 205 1811
ken 249 138 307 205 1812
ken 252 133 307 206 1813
ken 254 127 307 206 1814
ken 257 122 307 207 1815
ken 260 116 308 208 1816
ken 262 120 308 208 1817
ken 264 125 308 208 1818
ken 267 130 307 209 1819
ken 269 135 307 209 1820
ken 272 140 306 210 1821
ken 270 132 306 210 1822
ken 268 124 306 210 1823
ken 265 116 306 210 1824
ken 263 108 306 210 1825
ken 260 100 306 210 1826
ken 260 100 306 210 1827
ken 260 100 306 210 1828
ken 260 100 306 210 1829
ken 260 100 306 210 1830
ken 260 100 306 210 1831
ken 260 100 306 210 1832
ken 260 100 306 210 1833
ken 260 100 306 210 1834
ken 260 100 306 210 1835
ken 260 100 306 210 1836
ken 260 100 306 210 1837
ken 260 100 306 210 1838
ken 260 100 306 210 1839
ken 260 100 306 210 1840
ken 260 100 306 210 1841
ken 261 100 306 210 1842
ken 262 99 306 209 1843
ken 263 99 306 209 1844
ken 264 98 306 208 1845
ken 266 97 306 207 1846
ken 266 97 306 207 1847
ken 266 97 306 207 1848
ken 266 97 306 207 1849
ken 266 97 306 207 1850
ken 266 97 306 207 1851
ken 266 97 306 207 1852
ken 266 97 306 207 1853
ken 266 97 306 207 1854
ken 266 97 306 207 1855
ken 266 97 306 207 1856
ken 266 97 306 207 1857
ken 266 97 306 207 1858
ken 266 97 306 207 1859
ken 266 97 306 207 1860
ken 266 97 306 207 1861
ken 266 97 306 207 1862
ken 266 97 306 207 1863
ken 266 97 306 207 1864
ken 266 97 306 207 1865
ken 266 97 306 207 1866
ken 266 97 306 207 1867
ken 266 97 306 207 1868
ken 266 97 306 207 1869
ken 266 97 306 207 1870
ken 266 97 306 207 1871
ken 266 97 306 207 1872
ken 266 97 306 207 1873
ken 266 97 306 207 1874
ken 266 97 306 207 1875
ken 266 97 306 207 1876
ken 265 98 306 207 1877
ken 263 100 306 207 1878
ken 262 102 307 207 1879
ken 260 104 307 207 1880
ken 258 106 308 208 1881
ken 258 106 308 208 1882
ken 259 106 307 208 1883
ken 259 106 307 208 1884
ken 260 106 306 208 1885
ken 261 106 305 208 1886
ken 260 106 305 208 1887
ken 259 106 306 208 1888
ken 258 106 306 208 1889
ken 257 106 307 208 1890
ken 256 106 308 208 1891
ken 258 106 308 208 1892
ken 260 106 308 208 1893
ken 263 105 308 209 1894
ken 265 105 308 209 1895
ken 268 104 308 210 1896
ken 268 104 308 210 1897
ken 268 103 308 209 1898
ken 268 103 308 209 1899
ken 268 102 308 208 1900
ken 267 101 307 207 1901
ken 267 101 307 207 1902
ken 267 101 307 207 1903
ken 267 101 307 207 1904
ken 267 101 307 207 1905
ken 267 101 307 207 1906
ken 267 101 307 207 1907
ken 267 101 307 207 1908
ken 267 101 307 207 1909
ken 267 101 307 207 1910
ken 267 101 307 207 1911
ken 267 101 307 207 1912
ken 267 101 307 207 1913
ken 267 101 307 207 1914
ken 267 101 307 207 1915
ken 267 100 307 206 1916
ken 267 100 307 206 1917
ken 267 100 307 206 1918
ken 267 101 307 207 1919
ken 267 101 307 207 1920
ken 267 102 307 208 1921
ken 267 102 307 208 1922
ken 267 102 307 208 1923
ken 267 102 307 208 1924
ken 267 102 307 208 1925
ken 266 103 306 209 1926
ken 266 103 306 209 1927
ken 266 103 306 209 1928
ken 266 103 306 209 1929
ken 266 103 306 209 1930
ken 266 103 306 209 1931
ken 266 103 306 209 1932
ken 266 103 306 209 1933
ken 266 103 306 209 1934
ken 266 103 306 209 1935
ken 266 103 306 209 1936
ken 266 103 306 209 1937
ken 266 103 306 209 1938
ken 266 103 306 209 1939
ken 266 103 306 209 1940
ken 266 103 306 209 1941
ken 266 103 306 209 1942
ken 266 103 306 209 1943
ken 266 103 306 209 1944
ken 266 103 306 209 1945
ken 266 103 306 209 1946
ken 266 103 306 209 1947
ken 266 103 306 209 1948
ken 266 103 306 209 1949
ken 266 103 306 209 1950
ken 266 103 306 209 1951
ken 266 103 306 209 1952
ken 266 103 306 209 1953
ken 266 103 306 209 1954
ken 266 103 306 209 1955
ken 266 102 306 208 1956
ken 266 102 306 208 1957
ken 266 102 306 208 1958
ken 266 101 306 207 1959
ken 266 101 306 207 1960
ken 267 100 307 206 1961
ken 267 100 307 206 1962
ken 266 100 306 206 1963
ken 266 100 306 206 1964
ken 265 100 305 206 1965
ken 264 100 304 206 1966
ken 264 100 304 205 1967
ken 263 99 305 203 1968
ken 262 99 306 201 1969
ken 261 98 307 199 1970
ken 260 97 308 197 1971
ken 259 87 308 187 1972
ken 258 77 308 176 1973
ken 257 67 308 166 1974
ken 256 57 308 155 1975
ken 254 46 308 144 1976
ken 254 42 308 140 1977
ken 254 38 308 136 1978
ken 254 33 308 131 1979
ken 254 29 308 127 1980
ken 255 24 309 122 1981
ken 252 29 309 122 1982
ken 249 35 308 122 1983
ken 246 40 308 123 1984
ken 243 46 307 123 1985
ken 240 52 306 124 1986
ken 238 54 306 124 1987
ken 236 56 306 124 1988
ken 233 58 307 125 1989
ken 231 60 307 125 1990
ken 228 62 308 126 1991
ken 228 57 308 126 1992
ken 227 52 308 127 1993
ken 226 47 307 128 1994
ken 225 42 307 129 1995
ken 224 36 306 130 1996
ken 233 61 306 145 1997
ken 243 86 306 160 1998
ken 253 111 306 175 1999
ken 263 136 306 190 2000
ken 273 162 307 206 2001
ken 263 162 307 206 2002
ken 252 162 307 206 2003
ken 242 162 307 206 2004
ken 231 162 307 206 2005
ken 220 163 306 207 2006
ken 220 163 306 207 2007
ken 220 164 306 208 2008
ken 220 164 306 208 2009
ken 220 165 306 209 2010
ken 221 166 307 210 2011
ken 220 167 307 211 2012
ken 218 169 307 212 2013
ken 217 170 308 213 2014
ken 215 172 308 214 2015
ken 213 174 309 216 2016
ken 213 174 309 216 2017
ken 213 174 309 216 2018
ken 212 174 308 216 2019
ken 212 174 308 216 2020
ken 211 174 307 216 2021
ken 211 174 307 216 2022
ken 211 174 307 216 2023
ken 211 174 307 216 2024
ken 211 174 307 216 2025
ken 211 174 307 216 2026
ken 211 174 307 216 2027
ken 211 174 307 216 2028
ken 211 174 307 216 2029
ken 211 174 307 216 2030
ken 211 174 307 216 2031
ken 211 174 307 216 2032
ken 211 174 307 216 2033
ken 211 174 307 216 2034
ken 211 174 307 216 2035
ken 211 174 307 216 2036
ken 211 174 307 216 2037
ken 211 174 307 216 2038
ken 211 174 307 216 2039
ken 211 174 307 216 2040
ken 211 174 307 216 2041
ken 211 174 307 216 2042
ken 211 174 307 216 2043
ken 211 174 307 216 2044
ken 211 174 307 216 2045
ken 211 174 307 216 2046
ken 211 174 307 216 2047
ken 211 174 307 216 2048
ken 211 174 307 216 2049
ken 211 174 307 216 2050
ken 211 174 307 216 2051
ken 211 174 307 216 2052
ken 211 174 307 216 2053
ken 211 174 307 216 2054
ken 211 174 307 216 2055
ken 211 174 307 216 2056
ken 211 174 307 216 2057
ken 211 174 307 216 2058
ken 211 174 307 216 2059
ken 211 174 307 216 2060
ken 211 174 307 216 2061
ken 182 160 270 216 2062
ken 152 146 233 215 2063
ken 122 132 195 214 2064
ken 92 118 158 213 2065
ken 62 104 120 212 2066
ken 62 104 120 212 2067
ken 62 104 120 212 2068
ken 61 104 119 212 2069
ken 61 104 119 212 2070
ken 60 103 118 211 2071
ken 60 103 118 211 2072
ken 60 103 118 211 2073
ken 59 103 117 211 2074
ken 59 103 117 211 2075
ken 58 103 116 211 2076
ken 58 103 116 211 2077
ken 58 103 116 211 2078
ken 58 103 116 211 2079
ken 58 103 116 211 2080
ken 58 103 116 211 2081
ken 58 103 116 211 2082
ken 58 103 116 211 2083
ken 58 103 116 211 2084
ken 58 103 116 211 2085
ken 58 103 116 211 2086
ken 58 103 116 211 2087
ken 58 103 116 211 2088
ken 58 103 116 211 2089
ken 58 103 116 211 2090
ken 59 102 117 210 2091
ken 59 102 117 210 2092
ken 59 102 117 210 2093
ken 59 102 117 210 2094
ken 59 102 117 210 2095
ken 59 102 117 210 2096
ken 59 102 117 210 2097
ken 59 102 117 210 2098
ken 59 102 117 210 2099
ken 59 102 117 210 2100
ken 58 102 116 210 2101
ken 58 102 116 210 2102
ken 58 102 116 210 2103
ken 58 102 116 210 2104
ken 58 102 116 210 2105
ken 58 102 116 210 2106
ken 58 102 116 210 2107
ken 58 102 116 210 2108
ken 58 102 116 210 2109
ken 58 102 116 210 2110
ken 58 102 116 210 2111
ken 58 102 116 210 2112
ken 58 102 116 210 2113
ken 58 102 116 210 2114
ken 58 102 116 210 2115
ken 58 102 116 210 2116
ken 58 102 116 210 2117
ken 58 102 116 210 2118
ken 58 102 116 210 2119
ken 58 102 116 210 2120
ken 58 102 116 210 2121
ken 58 102 116 210 2122
ken 58 102 116 210 2123
ken 58 102 116 210 2124
ken 58 102 116 210 2125
ken 58 102 116 210 2126
ken 58 102 116 210 2127
ken 58 102 116 210 2128
ken 58 102 116 210 2129
ken 58 102 116 210 2130
ken 58 102 116 210 2131
ken 58 102 116 210 2132
ken 58 102 116 210 2133
ken 58 102 116 210 2134
ken 58 102 116 210 2135
ken 59 102 117 210 2136
ken 59 102 117 210 2137
ken 59 102 117 210 2138
ken 59 102 117 210 2139
ken 59 102 117 210 2140
ken 59 102 117 210 2141
ken 59 102 117 210 2142
ken 59 102 117 210 2143
ken 59 102 117 210 2144
ken 59 102 117 210 2145
ken 59 102 117 210 2146
ken 61 97 119 205 2147
ken 63 91 121 199 2148
ken 66 85 124 193 2149
ken 68 79 126 187 2150
ken 71 73 129 181 2151
ken 76 65 135 170 2152
ken 81 57 141 159 2153
ken 87 49 147 148 2154
ken 92 41 153 137 2155
ken 98 33 160 125 2156
ken 103 33 164 119 2157
ken 108 34 168 113 2158
ken 113 35 173 107 2159
ken 118 36 177 101 2160
ken 124 37 182 95 2161
ken 128 42 194 103 2162
ken 132 47 206 111 2163
ken 136 53 219 119 2164
ken 140 58 231 127 2165
ken 144 64 244 136 2166
ken 144 64 244 136 2167
ken 144 63 244 135 2168
ken 144 62 244 134 2169
ken 144 61 244 133 2170
ken 144 60 244 132 2171
ken 143 62 237 136 2172
ken 141 65 229 140 2173
ken 140 67 222 144 2174
ken 138 70 214 148 2175
ken 136 73 206 153 2176
ken 136 76 205 161 2177
ken 137 79 203 169 2178
ken 137 83 201 177 2179
ken 138 86 199 185 2180
ken 139 90 197 194 2181
ken 134 83 192 181 2182
ken 129 76 187 167 2183
ken 123 69 181 153 2184
ken 118 62 176 139 2185
ken 112 55 170 125 2186
ken 107 55 165 125 2187
ken 102 54 160 124 2188
ken 97 54 155 124 2189
ken 92 53 150 123 2190
ken 87 52 145 122 2191
ken 81 56 138 135 2192
ken 74 61 130 148 2193
ken 67 66 123 161 2194
ken 60 71 115 174 2195
ken 53 76 107 188 2196
ken 52 81 107 192 2197
ken 51 86 108 197 2198
ken 50 91 109 202 2199
ken 49 96 110 207 2200
ken 47 102 111 212 2201
ken 53 103 117 212 2202
ken 59 104 123 212 2203
ken 66 105 130 211 2204
ken 72 106 136 211 2205
ken 79 108 143 210 2206
ken 86 108 150 210 2207
ken 93 108 157 210 2208
ken 100 108 164 210 2209
ken 107 108 171 210 2210
ken 114 108 178 210 2211
ken 114 116 183 211 2212
ken 114 124 188 212 2213
ken 114 132 194 214 2214
ken 114 140 199 215 2215
ken 113 149 205 217 2216
ken 113 149 205 217 2217
ken 113 149 205 217 2218
ken 113 149 205 217 2219
ken 113 149 205 217 2220
ken 113 149 205 217 2221
ken 110 147 197 216 2222
ken 107 145 188 215 2223
ken 104 142 179 214 2224
ken 101 140 170 213 2225
ken 97 137 161 211 2226
ken 96 137 160 211 2227
ken 95 137 159 211 2228
ken 94 137 158 211 2229
ken 93 137 157 211 2230
ken 91 137 155 211 2231
ken 82 139 148 211 2232
ken 73 142 141 211 2233
ken 64 145 134 211 2234
ken 55 148 127 211 2235
ken 45 151 119 211 2236
ken 48 143 119 211 2237
ken 51 135 119 211 2238
ken 55 126 119 212 2239
ken 58 118 119 212 2240
ken 62 109 120 213 2241
ken 57 109 120 209 2242
ken 52 110 120 204 2243
ken 47 110 120 200 2244
ken 42 111 120 195 2245
ken 37 112 121 190 2246
ken 31 110 115 188 2247
ken 24 108 108 186 2248
ken 17 105 101 183 2249
ken 10 103 94 181 2250
ken 3 100 87 178 2251
ken 3 111 90 184 2252
ken 4 123 93 190 2253
ken 5 134 96 196 2254
ken 6 146 99 202 2255
ken 7 158 103 208 2256
ken 7 160 105 209 2257
ken 7 162 107 210 2258
ken 7 165 110 211 2259
ken 7 167 112 212 2260
ken 7 170 115 214 2261
ken 10 166 110 214 2262
ken 13 162 105 213 2263
ken 16 158 99 213 2264
ken 19 154 94 212 2265
ken 22 149 88 211 2266
ken 22 149 88 211 2267
ken 22 149 88 211 2268
ken 22 149 88 211 2269
ken 22 149 88 211 2270
ken 21 148 87 210 2271
ken 21 141 86 210 2272
ken 20 133 85 210 2273
ken 20 126 84 210 2274
ken 19 118 83 210 2275
ken 18 110 82 210 2276
ken 18 115 82 209 2277
ken 17 120 81 208 2278
ken 17 125 81 207 2279
ken 16 130 80 206 2280
ken 15 135 79 205 2281
ken 13 135 77 205 2282
ken 11 135 75 205 2283
ken 9 136 73 206 2284
ken 7 136 71 206 2285
ken 5 137 69 207 2286
ken 6 133 69 207 2287
ken 8 129 70 207 2288
ken 10 125 70 207 2289
ken 12 121 71 207 2290
ken 14 116 72 208 2291
ken 26 116 84 208 2292
ken 39 116 97 208 2293
ken 51 116 109 208 2294
ken 64 116 122 208 2295
ken 77 116 135 208 2296
ken 77 121 136 208 2297
ken 77 126 137 208 2298
ken 77 131 138 208 2299
ken 77 136 139 208 2300
ken 76 141 140 209 2301
ken 76 141 140 209 2302
ken 76 141 140 209 2303
ken 75 141 139 209 2304
ken 75 141 139 209 2305
ken 74 140 138 208 2306
ken 74 133 139 209 2307
ken 74 126 140 210 2308
ken 75 118 141 211 2309
ken 75 111 142 212 2310
ken 76 103 144 213 2311
ken 76 103 144 213 2312
ken 77 103 145 213 2313
ken 78 103 146 213 2314
ken 79 103 147 213 2315
ken 80 103 148 213 2316
ken 80 103 148 213 2317
ken 80 103 148 213 2318
ken 80 103 148 213 2319
ken 80 103 148 213 2320
ken 81 104 149 214 2321
ken 70 105 139 213 2322
ken 59 106 129 212 2323
ken 47 107 119 211 2324
ken 36 108 109 210 2325
ken 24 110 98 208 2326
ken 27 110 100 208 2327
ken 30 109 102 209 2328
ken 33 109 104 209 2329
ken 36 108 106 210 2330
ken 40 107 108 211 2331
ken 43 107 111 211 2332
ken 46 107 114 211 2333
ken 49 106 117 210 2334
ken 52 106 120 210 2335
ken 55 105 123 209 2336
ken 57 105 125 209 2337
ken 59 105 127 209 2338
ken 61 105 129 209 2339
ken 63 105 131 209 2340
ken 65 106 133 210 2341
ken 66 105 133 210 2342
ken 67 104 133 210 2343
ken 69 103 133 210 2344
ken 70 102 133 210 2345
ken 72 101 134 211 2346
ken 72 101 134 211 2347
ken 72 101 134 211 2348
ken 72 101 134 211 2349
ken 72 101 134 211 2350
ken 72 101 134 211 2351
ken 71 107 133 211 2352
ken 70 114 132 211 2353
ken 68 120 131 211 2354
ken 67 127 130 211 2355
ken 65 134 129 212 2356
ken 64 134 128 212 2357
ken 62 134 126 212 2358
ken 60 134 124 212 2359
ken 58 134 122 212 2360
ken 56 133 120 211 2361
ken 54 131 121 211 2362
ken 52 129 123 211 2363
ken 50 127 124 211 2364
ken 48 125 126 211 2365
ken 46 122 128 210 2366
ken 45 122 127 210 2367
ken 43 123 125 211 2368
ken 41 123 123 211 2369
ken 39 124 121 212 2370
ken 37 125 119 213 2371
ken 37 121 117 213 2372
ken 38 117 114 213 2373
ken 39 112 111 212 2374
ken 40 108 108 212 2375
ken 41 103 105 211 2376
ken 41 103 105 211 2377
ken 41 103 105 211 2378
ken 41 103 105 211 2379
ken 41 103 105 211 2380
ken 40 103 104 211 2381
ken 42 103 106 211 2382
ken 45 102 109 210 2383
ken 48 102 112 210 2384
ken 51 101 115 209 2385
ken 54 100 118 208 2386
ken 54 101 121 208 2387
ken 54 102 125 209 2388
ken 54 103 129 209 2389
ken 54 104 133 210 2390
ken 53 105 137 211 2391
ken 53 111 134 212 2392
ken 54 118 131 213 2393
ken 54 124 128 214 2394
ken 55 131 125 215 2395
ken 56 138 122 216 2396
ken 52 139 122 215 2397
ken 48 141 122 214 2398
ken 43 143 123 213 2399
ken 39 145 123 212 2400
ken 34 147 124 211 2401
ken 34 147 124 211 2402
ken 34 147 124 211 2403
ken 34 147 124 211 2404
ken 34 147 124 211 2405
ken 34 147 124 211 2406
ken 39 147 124 211 2407
ken 44 147 124 211 2408
ken 49 146 124 212 2409
ken 54 146 124 212 2410
ken 59 145 125 213 2411
ken 63 138 129 213 2412
ken 67 131 133 213 2413
ken 71 124 137 214 2414
ken 75 117 141 214 2415
ken 79 109 145 215 2416
ken 79 109 145 215 2417
ken 79 108 145 214 2418
ken 79 108 145 214 2419
ken 79 107 145 213 2420
ken 79 106 145 212 2421
ken 80 106 146 212 2422
ken 81 106 147 212 2423
ken 82 106 148 212 2424
ken 83 106 149 212 2425
ken 85 106 151 212 2426
ken 91 104 157 210 2427
ken 97 101 163 207 2428
ken 104 99 170 205 2429
ken 110 96 176 202 2430
ken 117 93 183 199 2431
ken 121 97 190 201 2432
ken 126 101 198 204 2433
ken 131 105 205 206 2434
ken 136 109 213 209 2435
ken 141 114 221 212 2436
ken 140 113 218 212 2437
ken 139 112 215 213 2438
ken 138 111 212 213 2439
ken 137 110 209 214 2440
ken 136 109 206 215 2441
ken 131 109 201 215 2442
ken 125 109 195 215 2443
ken 119 109 189 215 2444
ken 113 109 183 215 2445
ken 107 110 177 216 2446
ken 98 110 168 216 2447
ken 89 110 159 216 2448
ken 80 110 150 216 2449
ken 71 110 141 216 2450
ken 61 110 131 216 2451
ken 62 110 132 216 2452
ken 64 110 134 216 2453
ken 65 109 135 215 2454
ken 67 109 137 215 2455
ken 69 108 139 214 2456
ken 70 108 139 214 2457
ken 71 108 139 214 2458
ken 72 108 139 214 2459
ken 73 108 139 214 2460
ken 75 108 139 214 2461
ken 74 108 138 214 2462
ken 73 107 137 213 2463
ken 72 107 136 213 2464
ken 71 106 135 212 2465
ken 69 105 133 211 2466
ken 68 105 131 211 2467
ken 66 104 129 211 2468
ken 65 104 127 211 2469
ken 63 103 125 211 2470
ken 61 102 123 212 2471
ken 61 102 123 212 2472
ken 61 103 123 211 2473
ken 61 103 123 211 2474
ken 61 104 123 210 2475
ken 62 105 122 209 2476
ken 62 104 122 209 2477
ken 62 103 121 209 2478
ken 61 101 120 209 2479
ken 61 100 119 209 2480
ken 60 98 118 208 2481
ken 60 98 118 208 2482
ken 60 98 118 208 2483
ken 60 98 118 208 2484
ken 60 98 118 208 2485
ken 60 98 118 208 2486
ken 60 98 118 208 2487
ken 60 98 118 208 2488
ken 60 98 118 208 2489
ken 60 98 118 208 2490
ken 60 98 118 208 2491
ken 60 98 118 208 2492
ken 60 98 118 208 2493
ken 60 98 118 208 2494
ken 60 98 118 208 2495
ken 60 98 118 208 2496
ken 60 100 117 208 2497
ken 60 102 116 208 2498
ken 60 104 115 207 2499
ken 60 106 114 207 2500
ken 59 108 113 206 2501
ken 54 94 111 192 2502
ken 48 79 108 177 2503
ken 43 65 105 163 2504
ken 37 50 102 148 2505
ken 31 35 99 133 2506
ken 27 35 99 124 2507
ken 22 35 100 115 2508
ken 17 36 101 106 2509
ken 12 36 102 97 2510
ken 7 37 103 87 2511
ken 6 38 100 96 2512
ken 5 40 97 105 2513
ken 3 42 94 115 2514
ken 2 44 91 124 2515
ken 0 46 88 134 2516
ken 1 69 79 149 2517
ken 2 92 70 164 2518
ken 3 115 60 179 2519
ken 4 138 51 194 2520
ken 5 161 41 209 2521
ken 5 161 51 209 2522
ken 6 161 62 209 2523
ken 6 160 72 209 2524
ken 7 160 83 209 2525
ken 8 159 94 209 2526
ken 8 159 84 209 2527
ken 7 159 74 209 2528
ken 7 160 64 209 2529
ken 6 160 54 209 2530
ken 5 161 43 209 2531
ken 6 158 47 209 2532
ken 7 154 51 208 2533
ken 9 151 55 207 2534
ken 10 147 59 206 2535
ken 12 143 64 205 2536
ken 12 141 65 205 2537
ken 11 138 67 205 2538
ken 11 135 69 204 2539
ken 10 132 71 204 2540
ken 9 129 73 203 2541
ken 9 125 73 203 2542
ken 9 120 73 204 2543
ken 9 116 73 204 2544
ken 9 111 73 205 2545
ken 10 106 72 206 2546
ken 10 105 74 206 2547
ken 11 104 76 206 2548
ken 12 102 79 206 2549
ken 13 101 81 206 2550
ken 14 99 84 207 2551
ken 14 99 84 207 2552
ken 14 98 84 206 2553
ken 13 98 83 206 2554
ken 13 97 83 205 2555
ken 12 96 82 204 2556
ken 12 99 81 204 2557
ken 11 102 80 204 2558
ken 11 105 79 204 2559
ken 10 108 78 204 2560
ken 9 112 77 204 2561
ken 9 112 73 205 2562
ken 9 112 69 206 2563
ken 9 112 65 208 2564
ken 9 112 61 209 2565
ken 8 111 56 211 2566
ken 8 110 57 211 2567
ken 8 109 58 212 2568
ken 8 108 60 213 2569
ken 8 107 61 214 2570
ken 9 105 63 215 2571
ken 9 105 61 215 2572
ken 9 105 59 215 2573
ken 9 105 57 214 2574
ken 9 105 55 214 2575
ken 9 105 53 213 2576
ken 9 105 54 213 2577
ken 9 105 56 213 2578
ken 9 105 58 213 2579
ken 9 105 60 213 2580
ken 10 105 62 213 2581
ken 10 105 62 213 2582
ken 9 105 61 213 2583
ken 9 105 61 213 2584
ken 8 105 60 213 2585
ken 7 105 59 213 2586
ken 7 105 59 213 2587
ken 7 105 59 213 2588
ken 7 105 59 213 2589
ken 7 105 59 213 2590
ken 7 105 59 213 2591
ken 7 105 58 213 2592
ken 7 105 56 213 2593
ken 7 105 55 212 2594
ken 7 105 53 212 2595
ken 7 105 51 211 2596
ken 7 105 51 211 2597
ken 7 106 51 212 2598
ken 8 106 52 212 2599
ken 8 107 52 213 2600
ken 9 108 53 214 2601
ken 9 109 53 213 2602
ken 9 111 53 212 2603
ken 10 113 54 211 2604
ken 10 115 54 210 2605
ken 11 117 55 209 2606
ken 11 113 55 209 2607
ken 11 109 55 208 2608
ken 10 105 56 207 2609
ken 10 101 56 206 2610
ken 9 97 57 205 2611
ken 9 100 57 205 2612
ken 9 104 57 204 2613
ken 9 107 57 203 2614
ken 9 111 57 202 2615
ken 10 115 58 201 2616
ken 10 113 58 202 2617
ken 10 111 58 203 2618
ken 9 108 59 204 2619
ken 9 106 59 205 2620
ken 8 103 60 207 2621
ken 8 103 60 207 2622
ken 8 103 60 207 2623
ken 8 103 60 207 2624
ken 8 103 60 207 2625
ken 8 103 60 207 2626
ken 8 103 60 207 2627
ken 8 103 60 207 2628
ken 8 103 60 207 2629
ken 8 103 60 207 2630
ken 8 103 60 207 2631
ken 8 103 60 207 2632
ken 8 103 60 207 2633
ken 8 103 60 207 2634
ken 8 103 60 207 2635
ken 8 103 60 207 2636
ken 8 103 60 207 2637
ken 8 103 60 207 2638
ken 8 103 60 207 2639
ken 8 103 60 207 2640
ken 8 103 60 207 2641
ken 8 103 60 207 2642
ken 8 103 60 207 2643
ken 8 103 60 207 2644
ken 8 103 60 207 2645
ken 8 103 60 207 2646
ken 8 103 60 207 2647
ken 8 103 60 207 2648
ken 8 103 60 207 2649
ken 8 103 60 207 2650
ken 8 103 60 207 2651
ken 8 103 60 207 2652
ken 8 103 60 207 2653
ken 8 103 60 207 2654
ken 8 103 60 207 2655
ken 8 103 60 207 2656
ken 8 103 60 207 2657
ken 8 103 60 207 2658
ken 8 103 60 207 2659
ken 8 103 60 207 2660
ken 8 103 60 207 2661
ken 8 103 60 207 2662
ken 8 103 60 207 2663
ken 8 103 60 207 2664
ken 8 103 60 207 2665
ken 8 103 60 207 2666
ken 8 103 60 207 2667
ken 8 103 60 207 2668
ken 8 103 60 207 2669
ken 8 103 60 207 2670
ken 8 103 60 207 2671
ken 8 103 60 207 2672
ken 8 103 60 207 2673
ken 8 103 60 207 2674
ken 8 103 60 207 2675
ken 8 103 60 207 2676
ken 8 103 60 207 2677
ken 8 103 60 207 2678
ken 8 103 60 207 2679
ken 8 103 60 207 2680
ken 8 103 60 207 2681
ken 8 99 60 203 2682
ken 8 94 60 199 2683
ken 8 90 60 195 2684
ken 8 85 60 191 2685
ken 7 80 61 186 2686
ken 7 78 64 178 2687
ken 7 76 67 169 2688
ken 8 74 70 161 2689
ken 8 72 73 152 2690
ken 9 69 77 143 2691
ken 9 68 79 139 2692
ken 9 67 81 135 2693
ken 9 66 84 130 2694
ken 9 65 86 126 2695
ken 9 63 89 121 2696
ken 9 64 91 121 2697
ken 9 65 93 121 2698
ken 8 66 95 122 2699
ken 8 67 97 122 2700
ken 7 69 99 123 2701
ken 7 69 97 127 2702
ken 7 69 94 132 2703
ken 7 68 92 137 2704
ken 7 68 89 142 2705
ken 6 67 86 147 2706
ken 6 86 77 159 2707
ken 6 106 68 171 2708
ken 6 125 58 183 2709
ken 6 145 49 195 2710
ken 5 165 39 207 2711
ken 5 165 50 207 2712
ken 5 165 61 207 2713
ken 5 165 72 208 2714
ken 5 165 83 208 2715
ken 5 165 95 209 2716
ken 5 167 95 211 2717
ken 6 169 96 213 2718
ken 6 171 96 215 2719
ken 7 173 97 217 2720
ken 8 176 98 220 2721
ken 8 176 98 220 2722
ken 8 176 98 220 2723
ken 8 176 98 220 2724
ken 8 176 98 220 2725
ken 8 176 98 220 2726
ken 8 176 98 220 2727
ken 8 176 98 220 2728
ken 8 176 98 220 2729
ken 8 176 98 220 2730
ken 8 176 98 220 2731
ken 8 176 98 220 2732
ken 8 176 98 220 2733
ken 8 176 98 220 2734
ken 8 176 98 220 2735
ken 8 176 98 220 2736
ken 8 176 98 220 2737
ken 8 176 98 220 2738
ken 9 176 99 220 2739
ken 9 176 99 220 2740
ken 10 176 100 220 2741
ken 10 176 100 220 2742
ken 10 176 100 220 2743
ken 10 176 100 220 2744
ken 10 176 100 220 2745
ken 10 176 100 220 2746
ken 10 176 100 220 2747
ken 10 176 100 220 2748
ken 10 176 100 220 2749
ken 10 176 100 220 2750
ken 10 176 100 220 2751
ken 10 176 100 220 2752
ken 10 176 100 220 2753
ken 10 176 100 220 2754
ken 10 176 100 220 2755
ken 10 176 100 220 2756
ken 10 176 100 220 2757
ken 9 176 99 220 2758
ken 8 176 98 220 2759
ken 7 176 97 220 2760
ken 6 176 96 220 2761
ken 6 176 96 220 2762
ken 6 176 96 220 2763
ken 6 176 96 220 2764
ken 6 176 96 220 2765
ken 6 176 96 220 2766
ken 6 176 96 220 2767
ken 6 176 96 220 2768
ken 6 176 96 220 2769
ken 6 176 96 220 2770
ken 6 176 96 220 2771
ken 6 176 96 220 2772
ken 6 176 96 220 2773
ken 6 176 96 220 2774
ken 6 176 96 220 2775
ken 7 176 97 220 2776
ken 7 177 97 221 2777
ken 8 178 98 222 2778
ken 9 179 99 223 2779
ken 10 180 100 224 2780
ken 11 181 101 225 2781
ken 11 181 101 225 2782
ken 11 181 101 225 2783
ken 11 181 101 225 2784
ken 11 181 101 225 2785
ken 11 182 101 226 2786
ken 11 182 101 226 2787
ken 11 182 101 226 2788
ken 11 182 101 226 2789
ken 11 182 101 226 2790
ken 12 182 102 226 2791
ken 12 182 102 226 2792
ken 12 182 102 226 2793
ken 12 182 102 226 2794
ken 12 182 102 226 2795
ken 12 182 102 226 2796
ken 12 182 102 226 2797
ken 12 182 102 226 2798
ken 12 182 102 226 2799
ken 12 182 102 226 2800
ken 12 182 102 226 2801
ken 12 182 102 226 2802
ken 12 182 102 226 2803
ken 12 181 102 225 2804
ken 12 181 102 225 2805
ken 12 180 102 224 2806
ken 12 180 102 224 2807
ken 12 180 102 224 2808
ken 12 180 102 224 2809
ken 12 180 102 224 2810
ken 12 180 102 224 2811
ken 12 180 102 224 2812
ken 12 180 102 224 2813
ken 12 180 102 224 2814
ken 12 180 102 224 2815
ken 11 180 101 224 2816
ken 11 180 101 224 2817
ken 11 180 101 224 2818
ken 11 180 101 224 2819
ken 11 180 101 224 2820
ken 11 180 101 224 2821
